Task
In a single toss of 2 fair (evenly-weighted) six-sided dice, find the probability that their sum will be at most 9.

Solution
Experiment: tossing 2 dices
Sample Space (S) = (1,2,3,4,5,6) x (1,2,3,4,5,6) = {(1,1),(1,2),(1,3),(1,4),(1,5),(1,6),
												  (2,1),(2,2),(2,3),(2,4),(2,5),(2,6),
												  (3,1),(3,2),(3,3),(3,4),(3,5),(3,6),
												  (4,1),(4,2),(4,3),(4,4),(4,5),(4,6),
												  (5,1),(5,2),(5,3),(5,4),(5,5),(5,6),
												  (6,1),(6,2),(6,3),(6,4),(6,5),(6,6)}

Event (A) = {(1,1),(1,2),(1,3),(1,4),(1,5),(1,6),
		   (2,1),(2,2),(2,3),(2,4),(2,5),(2,6),
		   (3,1),(3,2),(3,3),(3,4),(3,5),(3,6),
		   (4,1),(4,2),(4,3),(4,4),(4,5),     ,
		   (5,1),(5,2),(5,3),(5,4),     ,     ,
		   (6,1),(6,2),(6,3),     ,     ,     ,}

P(A) = number of favorable outcomes / Total number of outcomes = 30 / 36 = 5 / 6